data linearSearch:
0.2402

64.1418

125.147

332.216

382.343

456.425

388.07

447.16

500.682

581.064

630.151

714.853

744.116

820.369

888.115

964.629

996.117

1106.27

1154.56

1181.46

1241.98

1338.17

1385.85

1471.44

1522.56

1596.84

1644.18

1692.49

1756.83

1832.2


data binarySearch:

0.0384

0.05941

0.10294

0.14354

0.13005

0.12331

0.06894

0.09893

0.09041

0.09897

0.1018

0.07439

0.08187

0.07204

0.10453

0.09586

0.07646

0.11278

0.10968

0.07795

0.07689

0.10367

0.09576

0.07424

0.09126

0.07428

0.08432

0.07971

0.09806

0.07856
